%YAML:1.0
---
cameraMatrix: !!opencv-matrix
   rows: 3
   cols: 3
   dt: d
   data: [ 1.8261604049328764e+02, 0., 3.3458250767568182e+02, 0.,
       1.8311815821074759e+02, 2.4087436260731727e+02, 0., 0., 1. ]
distCoeffs: !!opencv-matrix
   rows: 4
   cols: 1
   dt: d
   data: [ -4.2109885752026080e-02, -2.0858072052174947e-02,
       3.0070071668514733e-02, -1.4828639325031616e-02 ]
