%YAML:1.0
---
cameraMatrix: !!opencv-matrix
   rows: 3
   cols: 3
   dt: d
   data: [ 1.8099908377849260e+02, 0., 3.2206616262745882e+02, 0.,
       1.8210128276297149e+02, 2.2770129747636616e+02, 0., 0., 1. ]
distCoeffs: !!opencv-matrix
   rows: 4
   cols: 1
   dt: d
   data: [ -4.6045644878602972e-02, 2.9447120705111327e-02,
       -3.1357883113463304e-02, 8.9470552980210807e-03 ]
