%YAML:1.0
---
cameraMatrix: !!opencv-matrix
   rows: 3
   cols: 3
   dt: d
   data: [ 1.8395111488228892e+02, 0., 3.2782012829887327e+02, 0.,
       1.8376306411185726e+02, 2.3844628566127864e+02, 0., 0., 1. ]
distCoeffs: !!opencv-matrix
   rows: 4
   cols: 1
   dt: d
   data: [ -4.5402821156404663e-02, -2.7770898678680270e-03,
       1.1075834983134002e-03, -6.5262613946131956e-04 ]
