%YAML:1.0
---
trans: !!opencv-matrix
   rows: 3
   cols: 3
   dt: d
   data: [ -5.4596473581951888e-01, -3.7410433961343520e-01,
       7.6789549001256785e+02, 2.2698471959396366e-02,
       1.1034280582121846e-01, 9.1827432424258163e+01,
       -1.6479420159504442e-03, 3.6696832138180909e-04, 1. ]
dest_points: [ 400., 800., 400., 944., 288., 800., 288., 944. ]
keyPoints: [ 3.94430908e+02, 2.98205719e+02, 2.85714935e+02,
    2.98396545e+02, 3.80203400e+02, 2.27895325e+02, 2.95365875e+02,
    2.32307526e+02 ]
