%YAML:1.0
---
trans: !!opencv-matrix
   rows: 3
   cols: 3
   dt: d
   data: [ -4.2107850701473881e-01, -3.2357034945675922e-01,
       8.8510876891714122e+02, -1.3001274762308104e-01,
       9.1149495520053136e-03, 1.9032084735071956e+02,
       -1.3390793457528194e-03, -3.4998038218349844e-05, 1. ]
dest_points: [ 400., 1760., 400., 1904., 288., 1760., 288., 1904. ]
keyPoints: [ 3.65451538e+02, 3.83239594e+02, 2.52932678e+02,
    3.91395721e+02, 3.51614349e+02, 3.05599121e+02, 2.69778748e+02,
    3.10807526e+02 ]
