%YAML:1.0
---
trans: !!opencv-matrix
   rows: 3
   cols: 3
   dt: d
   data: [ 2.2886625756162352e-01, -3.5453352534000110e-01,
       1.7480211993949771e+02, -6.7531824862037890e-03,
       -4.1475748118830327e-02, 1.4205147425199334e+02,
       -1.0005523513085395e-04, -9.8131336264566430e-04, 1. ]
dest_points: [ 600., 500., 744., 500., 600., 612., 744., 612. ]
keyPoints: [ 3.00138123e+02, 2.60981598e+02, 3.85861115e+02,
    2.67391663e+02, 2.80337341e+02, 3.31807281e+02, 3.94172363e+02,
    3.43524994e+02 ]
