%YAML:1.0
---
trans: !!opencv-matrix
   rows: 3
   cols: 3
   dt: d
   data:  [ 1.1379310344827349,-0.95144735324643426,
       9.8765440270653926e-13, -1.3322676295501878e-14,
       -0.7789405545366187, 620.00000000000045,
       -2.211772431870429e-17, -0.0018563919033039119, 1. ]
dest_points: [ 400., 800., 400., 944., 288., 800., 288., 944. ]
keyPoints: [ 3.94430908e+02, 2.98205719e+02, 2.85714935e+02,
    2.98396545e+02, 3.80203400e+02, 2.27895325e+02, 2.95365875e+02,
    2.32307526e+02 ]

