%YAML:1.0
---
trans: !!opencv-matrix
   rows: 3
   cols: 3
   dt: d
   data: [ -0.41970956098379936,-1.0734072022160668,
       665.51246537396139, 1.1788250288179346e-17,
       -1.2837950138504157, 795.95290858725775,
       7.8851172496182919e-20, -0.0023832266692138701, 1. ]
dest_points: [ 400., 800., 400., 944., 288., 800., 288., 944. ]
keyPoints: [ 3.94430908e+02, 2.98205719e+02, 2.85714935e+02,
    2.98396545e+02, 3.80203400e+02, 2.27895325e+02, 2.95365875e+02,
    2.32307526e+02 ]
